   2.4304598e-01	
   1.9087121e-01	
   1.3724138e-01	
   6.1172840e-02	
   1.5833333e-01	
   1.1617284e-01	
   7.7643678e-02	
   1.1780303e-01	
   7.5574713e-02	
   7.6609195e-02	
   1.4409091e-01	
   9.1206897e-02	
   1.2388889e-01	
   1.5227273e-01	
   7.6466667e-02	
   1.3372549e-01	
   1.9647059e-01	
   9.2816092e-02	
   1.3925287e-01	
   1.0765432e-01	
   5.8181818e-02	
   1.3772727e-01	
   7.1896552e-02	
   9.9393939e-02	
   8.8103448e-02	
   2.4614943e-01	
   8.6266667e-02	
   8.1893939e-02	
   7.1325758e-02	
   9.9333333e-02	
   1.1450980e-01	
   8.7800000e-02	
   6.4444444e-02	
   8.9367816e-02	
   7.7954545e-02	
   7.3390805e-02	
   1.0106667e-01	
   1.0074713e-01	
   7.4367816e-02	
   1.1272727e-01	
   6.8209877e-02	
   8.7241379e-02	
   1.1260000e-01	
   2.2586207e-01	
   6.5689655e-02	
   8.1174242e-02	
   8.1553030e-02	
   6.3666667e-02	
   1.4617424e-01	
   6.7549020e-02	
   9.4053030e-02	
   6.3295455e-02	
   9.3030303e-02	
   1.4264368e-01	
   1.2987654e-01	
   7.1742424e-02	
   9.8466667e-02	
   1.2356061e-01	
   1.0925926e-01	
   1.1681818e-01	
   8.2537879e-02	
   7.9195402e-02	
   8.1862745e-02	
   1.0588235e-01	
   6.5984848e-02	
   1.1484848e-01	
   8.8827160e-02	
   6.1000000e-02	
   6.1913580e-02	
   1.0413793e-01	
   9.8200000e-02	
   1.7746212e-01	
   6.3431373e-02	
   8.5037879e-02	
   7.0632184e-02	
   7.2037037e-02	
   7.8636364e-02	
   1.0633333e-01	
   1.3098765e-01	
   8.7471264e-02	
   1.3390805e-01	
   7.0681818e-02	
   1.0055556e-01	
   7.3333333e-02	
   1.0235632e-01	
   7.2600000e-02	
   8.5600000e-02	
   6.6287879e-02	
   1.7275862e-01	
   5.2954545e-02	
   1.7469697e-01	
   4.3266667e-02	
   1.3784314e-01	
   7.9252874e-02	
   6.6896552e-02	
   9.7500000e-02	
   1.2931034e-01	
   1.0325758e-01	
   9.2413793e-02	
   1.3480392e-01	
   8.3257576e-02	
   2.4597701e-01	
   6.3888889e-02	
   1.9640152e-01	
   9.3160920e-02	
   7.3371212e-02	
   6.5151515e-02	
   2.2793103e-01	
   1.8272727e-01	
   8.2600000e-02	
   9.7045455e-02	
   7.6666667e-02	
   1.0316092e-01	
   1.5225490e-01	
   8.1839080e-02	
   1.1796296e-01	
   6.2575758e-02	
   5.4621212e-02	
   1.2351852e-01	
   6.8371212e-02	
   1.0522727e-01	
   1.0339080e-01	
   6.6666667e-02	
   8.0804598e-02	
   5.9320988e-02	
   8.4734848e-02	
   1.0724138e-01	
   9.4629630e-02	
   7.6851852e-02	
   1.0546667e-01	
   2.5798851e-01	
   1.8441176e-01	
   9.6818182e-02	
   9.8636364e-02	
   7.4540230e-02	
   8.5882353e-02	
   8.7037037e-02	
   2.5609195e-01	
   1.9136364e-01	
   1.3704545e-01	
   9.2575758e-02	
   1.9735632e-01	
   1.6352941e-01	
   8.4015152e-02	
   1.2733333e-01	
   9.0909091e-02	
   1.2942529e-01	
   8.6733333e-02	
   7.7241379e-02	
   8.8448276e-02	
   6.0632184e-02	
   8.4772727e-02	
   5.6212121e-02	
   9.8181818e-02	
   7.9266667e-02	
   5.8039216e-02	
   1.0250000e-01	
   1.8839080e-01	
   2.4022989e-01	
   6.4800000e-02	
   7.2592593e-02	
   1.2413333e-01	
   1.2078431e-01	
   9.5747126e-02	
   5.7283951e-02	
   6.2992424e-02	
   1.0738636e-01	
   7.6481481e-02	
   8.6896552e-02	
   1.8109195e-01	
   8.5196078e-02	
   2.0735632e-01	
   9.9772727e-02	
   1.2863636e-01	
   7.7873563e-02	
   6.2222222e-02	
   1.9574713e-01	
   6.2592593e-02	
   7.3793103e-02	
   9.4876543e-02	
   1.1026515e-01	
   8.3333333e-02	
   8.3390805e-02	
   1.0623457e-01	
   7.4848485e-02	
   1.3496212e-01	
   8.4393939e-02	
   1.1960784e-01	
   1.7160920e-01	
   7.0933333e-02	
   1.3810606e-01	
   4.8103448e-02	
   8.7159091e-02	
   8.4400000e-02	
   1.8091954e-01	
   7.2537879e-02	
   1.3480392e-01	
   8.3066667e-02	
   7.9000000e-02	
   8.7045455e-02	
