   3.2206897e-01	
   2.9401515e-01	
   1.2666667e-01	
   8.9012346e-02	
   3.0000000e-01	
   1.1555556e-01	
   1.2913793e-01	
   1.1795455e-01	
   1.0729885e-01	
   8.5287356e-02	
   1.5628788e-01	
   9.6666667e-02	
   1.3543210e-01	
   2.4174242e-01	
   9.0333333e-02	
   1.1392157e-01	
   1.4431373e-01	
   1.0344828e-01	
   8.7241379e-02	
   1.2333333e-01	
   7.3484848e-02	
   2.2674242e-01	
   7.8390805e-02	
   1.2916667e-01	
   1.2689655e-01	
   3.2885057e-01	
   8.2200000e-02	
   9.1590909e-02	
   9.1212121e-02	
   7.5133333e-02	
   1.1137255e-01	
   9.2666667e-02	
   9.1851852e-02	
   9.1609195e-02	
   9.2424242e-02	
   7.6034483e-02	
   7.7933333e-02	
   1.0931034e-01	
   9.6321839e-02	
   6.4545455e-02	
   5.5925926e-02	
   6.7873563e-02	
   9.7533333e-02	
   3.2574713e-01	
   9.1149425e-02	
   2.4950758e-01	
   6.8181818e-02	
   8.5466667e-02	
   7.0492424e-02	
   9.0294118e-02	
   2.7946970e-01	
   7.4393939e-02	
   8.4431818e-02	
   1.0005747e-01	
   1.2234568e-01	
   1.3750000e-01	
   7.3666667e-02	
   2.9640152e-01	
   1.1820988e-01	
   8.9393939e-02	
   2.1871212e-01	
   1.0425287e-01	
   5.7647059e-02	
   9.0196078e-02	
   9.7803030e-02	
   1.2636364e-01	
   1.0148148e-01	
   8.5200000e-02	
   9.1296296e-02	
   8.0344828e-02	
   8.5800000e-02	
   2.7045455e-01	
   7.7647059e-02	
   1.6795455e-01	
   1.0850575e-01	
   7.5679012e-02	
   9.9015152e-02	
   7.8000000e-02	
   1.2882716e-01	
   7.7758621e-02	
   8.2931034e-02	
   1.0575758e-01	
   7.1049383e-02	
   9.6264368e-02	
   1.2189655e-01	
   6.5066667e-02	
   7.2266667e-02	
   1.0643939e-01	
   1.0844828e-01	
   7.4393939e-02	
   3.0378788e-01	
   1.0466667e-01	
   1.5470588e-01	
   8.1954023e-02	
   7.7758621e-02	
   7.3939394e-02	
   1.1925287e-01	
   1.0545455e-01	
   7.9597701e-02	
   1.6352941e-01	
   5.7878788e-02	
   3.2787356e-01	
   5.9444444e-02	
   3.1787879e-01	
   1.6597701e-01	
   1.5992424e-01	
   6.9356061e-02	
   2.1304598e-01	
   3.1882576e-01	
   1.0046667e-01	
   1.3204545e-01	
   8.7266667e-02	
   1.2241379e-01	
   1.3754902e-01	
   1.0695402e-01	
   1.2660494e-01	
   1.0598485e-01	
   6.8939394e-02	
   1.4598765e-01	
   1.0125000e-01	
   1.1772727e-01	
   7.9425287e-02	
   1.0121212e-01	
   9.3160920e-02	
   7.9938272e-02	
   1.2662879e-01	
   7.8045977e-02	
   1.4388889e-01	
   8.4320988e-02	
   6.6000000e-02	
   2.9764368e-01	
   1.5352941e-01	
   1.3799242e-01	
   8.4318182e-02	
   8.3103448e-02	
   9.9411765e-02	
   1.0623457e-01	
   2.9936782e-01	
   2.8477273e-01	
   1.2628788e-01	
   8.7954545e-02	
   1.6477011e-01	
   1.2598039e-01	
   1.2053030e-01	
   1.0826667e-01	
   1.3159091e-01	
   8.2701149e-02	
   6.0466667e-02	
   9.4712644e-02	
   1.0419540e-01	
   1.0494253e-01	
   9.0909091e-02	
   1.0371212e-01	
   1.2946970e-01	
   9.5000000e-02	
   1.5460784e-01	
   8.2272727e-02	
   3.0655172e-01	
   2.9706897e-01	
   9.9333333e-02	
   1.0870370e-01	
   9.1600000e-02	
   9.3529412e-02	
   1.2229885e-01	
   1.1888889e-01	
   8.5946970e-02	
   7.0075758e-02	
   1.1827160e-01	
   9.6666667e-02	
   2.6494253e-01	
   1.3019608e-01	
   2.1551724e-01	
   7.6969697e-02	
   3.1314394e-01	
   2.7988506e-01	
   8.5432099e-02	
   5.3218391e-02	
   1.0259259e-01	
   1.2919540e-01	
   1.1475309e-01	
   8.0568182e-02	
   1.3135802e-01	
   9.6149425e-02	
   1.2543210e-01	
   9.5681818e-02	
   1.7515152e-01	
   7.6818182e-02	
   7.5588235e-02	
   1.5310345e-01	
   8.7466667e-02	
   2.7901515e-01	
   7.4885057e-02	
   1.0734848e-01	
   9.5800000e-02	
   9.0057471e-02	
   7.0303030e-02	
   1.0852941e-01	
   8.9400000e-02	
   8.0066667e-02	
   8.7878788e-02	
