   2.2298851e-01	
   1.0287879e-01	
   1.2729885e-01	
   8.1234568e-02	
   1.1799242e-01	
   1.5820988e-01	
   2.0143678e-01	
   6.6136364e-02	
   8.8160920e-02	
   1.1379310e-01	
   9.1439394e-02	
   9.4310345e-02	
   1.2228395e-01	
   1.2011364e-01	
   1.1060000e-01	
   2.1147059e-01	
   2.1411765e-01	
   6.7643678e-02	
   1.5568966e-01	
   1.0104938e-01	
   9.4242424e-02	
   1.0212121e-01	
   8.2068966e-02	
   1.3143939e-01	
   1.1333333e-01	
   2.1494253e-01	
   1.4260000e-01	
   9.1439394e-02	
   8.4962121e-02	
   1.1300000e-01	
   2.0235294e-01	
   1.1946667e-01	
   9.2283951e-02	
   1.4471264e-01	
   6.1287879e-02	
   1.0097701e-01	
   1.1573333e-01	
   7.5862069e-02	
   1.7022989e-01	
   1.1416667e-01	
   1.3129630e-01	
   2.0856322e-01	
   1.5266667e-01	
   1.6597701e-01	
   1.0172414e-01	
   8.7727273e-02	
   8.9090909e-02	
   7.5066667e-02	
   8.6022727e-02	
   1.0274510e-01	
   6.6363636e-02	
   6.1969697e-02	
   1.0969697e-01	
   1.2097701e-01	
   1.0037037e-01	
   8.3333333e-02	
   1.5520000e-01	
   7.8106061e-02	
   1.0635802e-01	
   6.8030303e-02	
   7.6439394e-02	
   7.9712644e-02	
   1.0196078e-01	
   2.0980392e-01	
   1.3090909e-01	
   1.4265152e-01	
   1.3993827e-01	
   1.3886667e-01	
   8.2222222e-02	
   5.1264368e-02	
   7.3400000e-02	
   1.0049242e-01	
   9.6078431e-02	
   6.5946970e-02	
   2.1385057e-01	
   1.3907407e-01	
   9.1098485e-02	
   1.4980000e-01	
   1.1462963e-01	
   1.7160920e-01	
   1.5977011e-01	
   1.0284091e-01	
   1.3777778e-01	
   1.0632184e-01	
   8.2931034e-02	
   1.4913333e-01	
   6.3400000e-02	
   8.8863636e-02	
   1.2919540e-01	
   1.2727273e-01	
   1.0856061e-01	
   6.7933333e-02	
   1.2892157e-01	
   8.9482759e-02	
   7.9022989e-02	
   9.4772727e-02	
   1.1591954e-01	
   9.1666667e-02	
   1.5149425e-01	
   1.4137255e-01	
   6.9848485e-02	
   2.2614943e-01	
   1.0339506e-01	
   1.0325758e-01	
   1.1494253e-01	
   8.7916667e-02	
   8.6060606e-02	
   1.7057471e-01	
   8.6287879e-02	
   1.3046667e-01	
   1.2643939e-01	
   1.2766667e-01	
   1.9683908e-01	
   1.4401961e-01	
   7.0172414e-02	
   1.2111111e-01	
   8.1666667e-02	
   1.2750000e-01	
   8.3765432e-02	
   7.5568182e-02	
   1.3106061e-01	
   9.6034483e-02	
   1.1234848e-01	
   1.6545977e-01	
   9.8888889e-02	
   7.9393939e-02	
   9.5574713e-02	
   1.4401235e-01	
   8.8086420e-02	
   5.9933333e-02	
   2.1442529e-01	
   2.2441176e-01	
   6.0265152e-02	
   1.0257576e-01	
   9.1896552e-02	
   1.2509804e-01	
   1.4839506e-01	
   2.1500000e-01	
   1.2560606e-01	
   9.4280303e-02	
   1.0435606e-01	
   1.3977011e-01	
   2.1794118e-01	
   1.1219697e-01	
   7.9000000e-02	
   9.8712121e-02	
   1.5890805e-01	
   8.9200000e-02	
   2.2873563e-01	
   1.0741379e-01	
   1.3316092e-01	
   5.9545455e-02	
   1.0022727e-01	
   9.7045455e-02	
   6.4533333e-02	
   7.5882353e-02	
   7.1666667e-02	
   1.5626437e-01	
   1.9316092e-01	
   9.4133333e-02	
   1.4876543e-01	
   1.5013333e-01	
   9.2352941e-02	
   1.2770115e-01	
   1.0981481e-01	
   1.1390152e-01	
   1.3015152e-01	
   9.4876543e-02	
   1.1189655e-01	
   1.4896552e-01	
   1.1205882e-01	
   2.0017241e-01	
   1.1587121e-01	
   8.4507576e-02	
   1.6701149e-01	
   1.0796296e-01	
   9.2816092e-02	
   9.4567901e-02	
   1.2356322e-01	
   9.1419753e-02	
   8.3143939e-02	
   1.1635802e-01	
   2.3419540e-01	
   9.6790123e-02	
   8.5530303e-02	
   7.5227273e-02	
   1.1405303e-01	
   1.1686275e-01	
   8.4195402e-02	
   1.1626667e-01	
   1.0242424e-01	
   9.4022989e-02	
   6.5378788e-02	
   1.2126667e-01	
   1.1913793e-01	
   9.6742424e-02	
   8.6862745e-02	
   1.0400000e-01	
   1.2706667e-01	
   1.1234848e-01	
