   2.5896552e-01	
   1.4939394e-01	
   1.8114943e-01	
   6.3950617e-02	
   9.0378788e-02	
   8.8641975e-02	
   1.0275862e-01	
   7.1893939e-02	
   6.4770115e-02	
   7.4310345e-02	
   1.2534091e-01	
   7.4597701e-02	
   9.0185185e-02	
   1.4484848e-01	
   7.9600000e-02	
   8.8823529e-02	
   7.7843137e-02	
   7.6666667e-02	
   1.6620690e-01	
   6.9197531e-02	
   1.0083333e-01	
   7.1893939e-02	
   7.9252874e-02	
   9.0909091e-02	
   1.2252874e-01	
   1.8563218e-01	
   8.9800000e-02	
   9.0757576e-02	
   8.1515152e-02	
   7.3666667e-02	
   8.1666667e-02	
   9.5466667e-02	
   6.4197531e-02	
   7.6034483e-02	
   5.3181818e-02	
   5.8850575e-02	
   5.9800000e-02	
   9.7816092e-02	
   7.8965517e-02	
   5.5151515e-02	
   6.3024691e-02	
   6.1724138e-02	
   1.0173333e-01	
   2.6942529e-01	
   6.7413793e-02	
   7.5833333e-02	
   4.7575758e-02	
   9.1600000e-02	
   6.8522727e-02	
   1.1901961e-01	
   9.2916667e-02	
   5.8750000e-02	
   9.1250000e-02	
   2.9132184e-01	
   8.0555556e-02	
   7.2878788e-02	
   7.5266667e-02	
   7.7045455e-02	
   7.5802469e-02	
   4.6969697e-02	
   1.2700758e-01	
   6.0747126e-02	
   8.5882353e-02	
   9.8627451e-02	
   9.9621212e-02	
   8.7651515e-02	
   5.2469136e-02	
   8.7200000e-02	
   6.5987654e-02	
   2.4626437e-01	
   7.0333333e-02	
   1.6094697e-01	
   6.6568627e-02	
   7.3143939e-02	
   7.2011494e-02	
   6.5370370e-02	
   6.6060606e-02	
   6.7133333e-02	
   7.8148148e-02	
   6.8965517e-02	
   1.8293103e-01	
   1.0958333e-01	
   7.4814815e-02	
   8.9482759e-02	
   5.5000000e-02	
   1.1813333e-01	
   1.1546667e-01	
   7.2954545e-02	
   2.8189655e-01	
   8.1363636e-02	
   1.5632576e-01	
   5.4466667e-02	
   1.1401961e-01	
   6.8448276e-02	
   8.2758621e-02	
   6.8712121e-02	
   1.2442529e-01	
   9.0909091e-02	
   7.2068966e-02	
   9.0392157e-02	
   9.1060606e-02	
   2.3632184e-01	
   7.3024691e-02	
   1.4250000e-01	
   2.2373563e-01	
   8.7537879e-02	
   7.4053030e-02	
   2.4752874e-01	
   1.2954545e-01	
   9.0000000e-02	
   1.0742424e-01	
   6.6933333e-02	
   1.0850575e-01	
   9.7450980e-02	
   7.6954023e-02	
   8.3333333e-02	
   6.4507576e-02	
   8.4090909e-02	
   9.0493827e-02	
   9.1931818e-02	
   7.9469697e-02	
   5.5459770e-02	
   7.9545455e-02	
   6.9885057e-02	
   7.6975309e-02	
   8.9772727e-02	
   8.0057471e-02	
   7.5246914e-02	
   6.4382716e-02	
   1.2400000e-01	
   2.7528736e-01	
   1.0049020e-01	
   1.6378788e-01	
   1.1696970e-01	
   6.5689655e-02	
   8.3137255e-02	
   7.3395062e-02	
   2.7775862e-01	
   1.4821970e-01	
   1.2359848e-01	
   7.8333333e-02	
   2.7528736e-01	
   5.1470588e-02	
   9.5303030e-02	
   6.3400000e-02	
   1.0878788e-01	
   1.4764368e-01	
   7.6266667e-02	
   8.0172414e-02	
   8.3563218e-02	
   9.9367816e-02	
   7.5909091e-02	
   5.0984848e-02	
   6.8030303e-02	
   6.9333333e-02	
   6.8333333e-02	
   9.4242424e-02	
   2.3534483e-01	
   1.8551724e-01	
   7.6266667e-02	
   8.0308642e-02	
   7.7400000e-02	
   9.4607843e-02	
   8.0689655e-02	
   7.3209877e-02	
   9.2348485e-02	
   6.2462121e-02	
   8.5432099e-02	
   7.6264368e-02	
   1.9620690e-01	
   5.5098039e-02	
   1.6465517e-01	
   5.4280303e-02	
   1.5272727e-01	
   9.7126437e-02	
   6.7222222e-02	
   2.1172414e-01	
   5.7037037e-02	
   1.1408046e-01	
   8.4074074e-02	
   7.4924242e-02	
   7.4938272e-02	
   6.3448276e-02	
   7.6234568e-02	
   7.9318182e-02	
   1.0696970e-01	
   9.2727273e-02	
   9.2254902e-02	
   5.5804598e-02	
   9.0266667e-02	
   8.2803030e-02	
   5.5632184e-02	
   8.2234848e-02	
   8.1466667e-02	
   1.1505747e-01	
   8.8068182e-02	
   9.5294118e-02	
   7.5866667e-02	
   6.4466667e-02	
   8.9090909e-02	
