   8.4049020e-02	
   7.1752688e-02	
   8.1460784e-02	
   5.6744186e-02	
   7.2397849e-02	
   6.8653101e-02	
   8.4284314e-02	
   6.7551789e-02	
   7.7147059e-02	
   8.8009804e-02	
   7.4569892e-02	
   8.5745098e-02	
   5.8449612e-02	
   8.3784946e-02	
   7.0296935e-02	
   9.6886447e-02	
   9.5668498e-02	
   1.0880392e-01	
   9.2019608e-02	
   8.2054264e-02	
   8.8013183e-02	
   6.8698925e-02	
   7.4225490e-02	
   7.0847458e-02	
   9.9901961e-02	
   8.0941176e-02	
   6.2452107e-02	
   6.2184557e-02	
   8.3892473e-02	
   8.1072797e-02	
   9.3415751e-02	
   8.4090038e-02	
   7.4467054e-02	
   7.0254902e-02	
   6.5235405e-02	
   7.4568627e-02	
   7.7796935e-02	
   8.2019608e-02	
   7.2676471e-02	
   8.3129032e-02	
   8.9031008e-02	
   7.1539216e-02	
   7.8400383e-02	
   8.4529412e-02	
   8.0186275e-02	
   8.8139785e-02	
   9.8075269e-02	
   5.7509579e-02	
   7.1354839e-02	
   7.3369963e-02	
   6.7892473e-02	
   8.2580645e-02	
   9.5064516e-02	
   8.0245098e-02	
   6.6065891e-02	
   9.9322581e-02	
   7.2097701e-02	
   8.6290323e-02	
   7.2732558e-02	
   6.1374765e-02	
   7.0236559e-02	
   6.6784314e-02	
   7.9880952e-02	
   6.7719780e-02	
   6.7005650e-02	
   7.3634652e-02	
   6.6211240e-02	
   6.9463602e-02	
   7.4079457e-02	
   6.6990196e-02	
   8.1331418e-02	
   7.2720430e-02	
   8.6895604e-02	
   6.9193548e-02	
   7.6990196e-02	
   7.9844961e-02	
   6.3989247e-02	
   7.8869732e-02	
   7.5794574e-02	
   7.6921569e-02	
   8.3764706e-02	
   7.1397849e-02	
   7.2238372e-02	
   7.8186275e-02	
   8.9794118e-02	
   7.0440613e-02	
   7.4894636e-02	
   7.5828625e-02	
   6.7176471e-02	
   6.2598870e-02	
   6.8720430e-02	
   6.0421456e-02	
   7.1694139e-02	
   8.3617647e-02	
   7.3294118e-02	
   7.2429379e-02	
   9.1078431e-02	
   6.6732580e-02	
   9.4343137e-02	
   9.1144689e-02	
   8.0860215e-02	
   7.8323529e-02	
   7.2877907e-02	
   7.1612903e-02	
   7.9156863e-02	
   8.9548387e-02	
   8.6161290e-02	
   8.2568627e-02	
   6.7903226e-02	
   6.5114943e-02	
   7.0433145e-02	
   6.8065134e-02	
   7.5254902e-02	
   8.9679487e-02	
   8.5617647e-02	
   7.9253876e-02	
   7.1387097e-02	
   8.8154426e-02	
   7.2761628e-02	
   7.4290323e-02	
   8.1873823e-02	
   7.6529412e-02	
   7.6129944e-02	
   8.5803922e-02	
   7.5581395e-02	
   8.1817204e-02	
   8.4754902e-02	
   7.2790698e-02	
   8.0387597e-02	
   7.3524904e-02	
   8.2931373e-02	
   1.0488095e-01	
   7.5279570e-02	
   9.5913371e-02	
   7.2960784e-02	
   7.1593407e-02	
   8.8837209e-02	
   8.8764706e-02	
   7.4634409e-02	
   8.9537634e-02	
   8.5967742e-02	
   7.3882353e-02	
   8.3296703e-02	
   8.6892473e-02	
   8.2959770e-02	
   8.6233522e-02	
   9.3362745e-02	
   9.6925287e-02	
   6.1872549e-02	
   8.5019608e-02	
   7.1970588e-02	
   7.4905838e-02	
   9.7505376e-02	
   6.7551789e-02	
   6.7538314e-02	
   8.5888278e-02	
   6.3700565e-02	
   7.0049020e-02	
   7.5598039e-02	
   7.9559387e-02	
   7.7054264e-02	
   9.4118774e-02	
   1.0799451e-01	
   8.6107843e-02	
   7.4069767e-02	
   7.5774194e-02	
   8.1279570e-02	
   7.7480620e-02	
   8.9950980e-02	
   8.6009804e-02	
   6.9157509e-02	
   8.1784314e-02	
   6.9118280e-02	
   7.9752688e-02	
   7.9166667e-02	
   6.0901163e-02	
   8.0098039e-02	
   7.6734496e-02	
   8.1941176e-02	
   6.6017442e-02	
   7.5537634e-02	
   8.4651163e-02	
   7.5823529e-02	
   6.2141473e-02	
   8.1431262e-02	
   8.9204301e-02	
   9.6430108e-02	
   8.5604396e-02	
   8.2166667e-02	
   5.9808429e-02	
   7.2946237e-02	
   6.2725490e-02	
   9.8139785e-02	
   6.7863985e-02	
   7.3960784e-02	
   8.2548387e-02	
   8.4661172e-02	
   7.6657088e-02	
   8.2088123e-02	
   9.9171375e-02	
