   7.1274510e-02	
   7.2795699e-02	
   7.8598039e-02	
   8.6143411e-02	
   6.5505376e-02	
   8.7761628e-02	
   7.5372549e-02	
   5.9246704e-02	
   6.9156863e-02	
   7.6833333e-02	
   6.7215054e-02	
   7.9872549e-02	
   7.2451550e-02	
   6.1096774e-02	
   8.1973180e-02	
   8.4981685e-02	
   7.1135531e-02	
   8.1303922e-02	
   7.7813725e-02	
   7.6656977e-02	
   7.1883239e-02	
   8.2204301e-02	
   6.5166667e-02	
   8.7693032e-02	
   8.9950980e-02	
   6.7549020e-02	
   8.9195402e-02	
   6.7975518e-02	
   1.0230108e-01	
   7.8189655e-02	
   7.0860806e-02	
   7.9750958e-02	
   6.4156977e-02	
   7.0421569e-02	
   6.3549906e-02	
   7.6529412e-02	
   6.7681992e-02	
   8.5676471e-02	
   6.4294118e-02	
   8.3967742e-02	
   7.2519380e-02	
   7.8303922e-02	
   8.5354406e-02	
   7.1735294e-02	
   7.2558824e-02	
   7.4924731e-02	
   6.7709677e-02	
   6.8659004e-02	
   8.0290323e-02	
   7.9624542e-02	
   8.6849462e-02	
   6.0225806e-02	
   6.7903226e-02	
   6.6607843e-02	
   7.6356589e-02	
   6.5731183e-02	
   6.4291188e-02	
   8.9290323e-02	
   6.0222868e-02	
   5.8907721e-02	
   6.1870968e-02	
   7.1784314e-02	
   8.7765568e-02	
   8.2408425e-02	
   7.1252354e-02	
   9.2297552e-02	
   6.1463178e-02	
   7.0526820e-02	
   6.5416667e-02	
   6.1950980e-02	
   7.9463602e-02	
   6.8494624e-02	
   5.7765568e-02	
   6.1806452e-02	
   8.7254902e-02	
   6.6007752e-02	
   6.2107527e-02	
   7.3735632e-02	
   5.6346899e-02	
   6.7196078e-02	
   6.5970588e-02	
   6.4322581e-02	
   7.6269380e-02	
   9.0892157e-02	
   8.3019608e-02	
   8.7547893e-02	
   9.0335249e-02	
   6.5743879e-02	
   6.4431373e-02	
   6.6873823e-02	
   7.1354839e-02	
   5.3984674e-02	
   9.5540293e-02	
   5.9735294e-02	
   6.0000000e-02	
   7.3286252e-02	
   5.3372549e-02	
   8.0065913e-02	
   7.9627451e-02	
   8.1336996e-02	
   8.4010753e-02	
   6.2205882e-02	
   5.9893411e-02	
   6.6505376e-02	
   6.3303922e-02	
   7.8333333e-02	
   7.8279570e-02	
   6.8343137e-02	
   6.1408602e-02	
   6.7030651e-02	
   7.7457627e-02	
   7.6503831e-02	
   8.5970588e-02	
   7.1245421e-02	
   9.0362745e-02	
   7.6191860e-02	
   7.3430108e-02	
   7.0310734e-02	
   8.6560078e-02	
   9.1537634e-02	
   7.0593220e-02	
   7.1098039e-02	
   7.6468927e-02	
   7.2725490e-02	
   6.0804264e-02	
   7.8365591e-02	
   7.7098039e-02	
   6.7558140e-02	
   6.2703488e-02	
   1.0186782e-01	
   6.6068627e-02	
   8.1520147e-02	
   7.3666667e-02	
   1.0080038e-01	
   7.6764706e-02	
   7.3635531e-02	
   1.1167636e-01	
   6.3803922e-02	
   6.4892473e-02	
   6.3634409e-02	
   9.1000000e-02	
   6.4303922e-02	
   5.9413919e-02	
   9.3086022e-02	
   6.6015326e-02	
   8.7975518e-02	
   8.0921569e-02	
   6.6695402e-02	
   7.8774510e-02	
   4.9901961e-02	
   8.7901961e-02	
   8.0828625e-02	
   7.2602151e-02	
   6.7062147e-02	
   7.8936782e-02	
   6.7298535e-02	
   7.7871940e-02	
   7.2823529e-02	
   6.8127451e-02	
   6.3084291e-02	
   6.5920543e-02	
   6.1791188e-02	
   8.8470696e-02	
   7.8098039e-02	
   7.6812016e-02	
   7.8118280e-02	
   7.0924731e-02	
   8.9660853e-02	
   7.2166667e-02	
   6.1009804e-02	
   9.0521978e-02	
   6.3950980e-02	
   7.0688172e-02	
   7.2827957e-02	
   6.9754902e-02	
   6.8914729e-02	
   6.5823529e-02	
   7.5406977e-02	
   6.6882353e-02	
   6.4796512e-02	
   7.7204301e-02	
   7.0794574e-02	
   6.3823529e-02	
   6.0881783e-02	
   8.6647834e-02	
   8.0494624e-02	
   8.8311828e-02	
   7.4514652e-02	
   6.1529412e-02	
   5.1139847e-02	
   6.7946237e-02	
   7.1598039e-02	
   7.1311828e-02	
   7.9808429e-02	
   6.6166667e-02	
   8.4473118e-02	
   8.3040293e-02	
   6.9741379e-02	
   6.0670498e-02	
   6.7457627e-02	
