   7.5303922e-02	
   1.0940860e-01	
   9.1284314e-02	
   8.8875969e-02	
   1.1358065e-01	
   8.6560078e-02	
   1.2414706e-01	
   9.6892655e-02	
   1.2525490e-01	
   7.8754902e-02	
   9.3354839e-02	
   1.1130392e-01	
   1.0407946e-01	
   1.0027957e-01	
   8.1695402e-02	
   8.7939560e-02	
   1.5041209e-01	
   9.6647059e-02	
   1.3438235e-01	
   9.1928295e-02	
   1.0836158e-01	
   1.0135484e-01	
   8.3950980e-02	
   1.0009416e-01	
   1.5290196e-01	
   7.6441176e-02	
   6.7854406e-02	
   7.5103578e-02	
   8.3000000e-02	
   7.6752874e-02	
   9.1126374e-02	
   8.3735632e-02	
   8.1598837e-02	
   8.1882353e-02	
   9.1092279e-02	
   7.6647059e-02	
   8.9224138e-02	
   9.1892157e-02	
   9.2431373e-02	
   7.0580645e-02	
   7.8158915e-02	
   6.2921569e-02	
   8.1829502e-02	
   7.6068627e-02	
   8.8372549e-02	
   9.4795699e-02	
   8.2150538e-02	
   9.8275862e-02	
   9.4559140e-02	
   9.1996337e-02	
   1.0640860e-01	
   1.0272043e-01	
   6.9709677e-02	
   1.0385294e-01	
   7.6366279e-02	
   9.4139785e-02	
   1.0665709e-01	
   1.0574194e-01	
   1.2214147e-01	
   7.7994350e-02	
   1.0719355e-01	
   8.0441176e-02	
   6.7948718e-02	
   7.6611722e-02	
   8.6082863e-02	
   8.7146893e-02	
   7.5794574e-02	
   8.6350575e-02	
   9.8023256e-02	
   8.3568627e-02	
   8.1915709e-02	
   1.0631183e-01	
   7.2142857e-02	
   9.3172043e-02	
   1.0320588e-01	
   1.0741279e-01	
   1.0094624e-01	
   6.6484674e-02	
   9.0484496e-02	
   8.4578431e-02	
   7.6205882e-02	
   8.3483871e-02	
   9.8604651e-02	
   9.2862745e-02	
   8.7235294e-02	
   8.2279693e-02	
   9.9396552e-02	
   9.5781544e-02	
   6.8333333e-02	
   8.3013183e-02	
   1.1260215e-01	
   1.1295977e-01	
   1.0966117e-01	
   7.6931373e-02	
   1.0185294e-01	
   8.4548023e-02	
   8.5098039e-02	
   9.0687382e-02	
   7.2970588e-02	
   1.0206960e-01	
   8.3881720e-02	
   7.5823529e-02	
   6.9040698e-02	
   1.1591398e-01	
   8.7725490e-02	
   9.6344086e-02	
   8.2376344e-02	
   9.8401961e-02	
   1.1626882e-01	
   1.0538314e-01	
   1.0528249e-01	
   7.7796935e-02	
   1.0350980e-01	
   9.9890110e-02	
   9.8450980e-02	
   8.8779070e-02	
   7.8731183e-02	
   6.9161959e-02	
   8.2248062e-02	
   1.1467742e-01	
   8.5216573e-02	
   7.9362745e-02	
   1.0310734e-01	
   8.7019608e-02	
   6.5271318e-02	
   9.9763441e-02	
   7.7372549e-02	
   7.0377907e-02	
   8.0484496e-02	
   7.3170498e-02	
   7.3784314e-02	
   1.1818681e-01	
   9.4483871e-02	
   8.6572505e-02	
   7.1607843e-02	
   7.8260073e-02	
   7.9205426e-02	
   7.6529412e-02	
   1.1175269e-01	
   7.6817204e-02	
   7.7365591e-02	
   8.5107843e-02	
   9.1382784e-02	
   8.9591398e-02	
   7.9406130e-02	
   8.1807910e-02	
   7.7647059e-02	
   8.6197318e-02	
   7.7901961e-02	
   8.5392157e-02	
   8.4931373e-02	
   7.4086629e-02	
   8.8989247e-02	
   1.0794727e-01	
   1.0384100e-01	
   1.5138278e-01	
   8.1205273e-02	
   8.1735294e-02	
   8.4509804e-02	
   1.4049808e-01	
   9.8982558e-02	
   8.3726054e-02	
   9.0265568e-02	
   1.1974510e-01	
   1.0914729e-01	
   8.4387097e-02	
   7.5838710e-02	
   1.2246124e-01	
   9.0225490e-02	
   9.6029412e-02	
   8.8772894e-02	
   7.9098039e-02	
   8.7440860e-02	
   1.1481720e-01	
   8.3401961e-02	
   1.0047481e-01	
   9.2392157e-02	
   7.3924419e-02	
   9.8568627e-02	
   7.8992248e-02	
   8.9989247e-02	
   9.8459302e-02	
   1.0040196e-01	
   1.1288760e-01	
   8.1082863e-02	
   9.8516129e-02	
   9.0215054e-02	
   8.6886447e-02	
   9.0401961e-02	
   9.3247126e-02	
   1.0573118e-01	
   1.0684314e-01	
   7.3795699e-02	
   7.6475096e-02	
   8.9245098e-02	
   7.7569892e-02	
   1.0342491e-01	
   7.2614943e-02	
   8.3103448e-02	
   6.9406780e-02	
