   1.1118627e-01	
   8.3430108e-02	
   1.1062745e-01	
   7.5736434e-02	
   1.1108602e-01	
   1.0731589e-01	
   1.2170588e-01	
   8.4331450e-02	
   1.0358824e-01	
   7.8950980e-02	
   9.4967742e-02	
   7.9392157e-02	
   1.1565891e-01	
   9.6677419e-02	
   8.6024904e-02	
   1.2299451e-01	
   1.3281136e-01	
   6.1274510e-02	
   8.3088235e-02	
   8.9127907e-02	
   7.4736347e-02	
   9.6225806e-02	
   8.2480392e-02	
   1.0129944e-01	
   9.8647059e-02	
   9.8627451e-02	
   9.4578544e-02	
   8.1205273e-02	
   1.1737634e-01	
   1.0024904e-01	
   1.2187729e-01	
   8.8275862e-02	
   8.5106589e-02	
   1.0377451e-01	
   8.1958569e-02	
   9.5450980e-02	
   7.8850575e-02	
   9.4911765e-02	
   9.7137255e-02	
   1.3436559e-01	
   9.4486434e-02	
   1.2549020e-01	
   1.1782567e-01	
   9.6000000e-02	
   9.2009804e-02	
   9.7967742e-02	
   8.4612903e-02	
   6.2164751e-02	
   8.0000000e-02	
   9.3443223e-02	
   8.2333333e-02	
   5.6559140e-02	
   9.1021505e-02	
   1.0092157e-01	
   1.3621124e-01	
   8.8494624e-02	
   1.0601533e-01	
   8.8344086e-02	
   9.8042636e-02	
   9.7495292e-02	
   6.2913978e-02	
   9.7911765e-02	
   8.8003663e-02	
   1.1656593e-01	
   9.1158192e-02	
   9.9105461e-02	
   1.0152132e-01	
   8.6168582e-02	
   9.6996124e-02	
   7.8598039e-02	
   8.3026820e-02	
   1.0227957e-01	
   8.9890110e-02	
   6.0430108e-02	
   1.1541176e-01	
   1.0624031e-01	
   1.3643011e-01	
   1.0500000e-01	
   9.0436047e-02	
   1.0556863e-01	
   7.6774510e-02	
   8.1924731e-02	
   1.0033915e-01	
   1.3338235e-01	
   9.0039216e-02	
   1.0321839e-01	
   9.6197318e-02	
   7.0207156e-02	
   8.7852941e-02	
   9.8182674e-02	
   8.0172043e-02	
   8.6226054e-02	
   1.0367216e-01	
   9.2009804e-02	
   1.1855882e-01	
   1.0777778e-01	
   8.5950980e-02	
   7.7288136e-02	
   1.1271569e-01	
   9.2509158e-02	
   7.4870968e-02	
   1.2314706e-01	
   1.1176357e-01	
   7.0483871e-02	
   1.0905882e-01	
   9.3215054e-02	
   8.9021505e-02	
   1.0510784e-01	
   7.9655914e-02	
   1.1537356e-01	
   1.0435028e-01	
   1.0433908e-01	
   1.0858824e-01	
   9.4148352e-02	
   8.1794118e-02	
   1.0025194e-01	
   8.5397849e-02	
   1.1092279e-01	
   6.1734496e-02	
   9.8473118e-02	
   9.9067797e-02	
   8.6029412e-02	
   7.4058380e-02	
   1.0083333e-01	
   1.2295543e-01	
   7.3645161e-02	
   8.9686275e-02	
   1.1311047e-01	
   7.7829457e-02	
   6.1810345e-02	
   1.2114706e-01	
   1.3247253e-01	
   6.9086022e-02	
   6.9849341e-02	
   1.1752941e-01	
   1.0863553e-01	
   1.1799419e-01	
   1.1421569e-01	
   1.1158065e-01	
   9.1709677e-02	
   1.0351613e-01	
   1.0428431e-01	
   1.2937729e-01	
   9.9731183e-02	
   9.2835249e-02	
   8.7702448e-02	
   7.8735294e-02	
   7.5028736e-02	
   1.1679412e-01	
   9.0539216e-02	
   9.1264706e-02	
   9.1572505e-02	
   9.5989247e-02	
   7.4717514e-02	
   8.8486590e-02	
   6.7609890e-02	
   8.3653484e-02	
   7.8294118e-02	
   9.7000000e-02	
   8.2873563e-02	
   1.0844961e-01	
   1.0232759e-01	
   8.5366300e-02	
   9.5274510e-02	
   8.5920543e-02	
   9.2731183e-02	
   1.4259140e-01	
   1.3794574e-01	
   7.8833333e-02	
   1.3103922e-01	
   1.0490842e-01	
   1.1190196e-01	
   9.0709677e-02	
   1.0601075e-01	
   9.0411765e-02	
   9.0242248e-02	
   8.2235294e-02	
   9.2538760e-02	
   9.0382353e-02	
   7.2180233e-02	
   8.6010753e-02	
   8.8682171e-02	
   1.2499020e-01	
   8.6463178e-02	
   8.2250471e-02	
   1.0732258e-01	
   9.3741935e-02	
   1.2507326e-01	
   9.3921569e-02	
   7.7701149e-02	
   9.5000000e-02	
   1.2022549e-01	
   9.4419355e-02	
   1.0940613e-01	
   7.2196078e-02	
   9.6376344e-02	
   8.2408425e-02	
   8.9444444e-02	
   8.4042146e-02	
   7.0885122e-02	
