0.686266297053126
0.459602918092342
0.838630029793867
0.740172797985873
0.756619313127778
0.76319980158
0.602113584146083
0.942353653297633
0.787514928268492
0.695036534496181
0.774660902843964
0.660182205668131
0.644950388338033
0.696384915919776
0.787840156489109
0.686348144842919
0.72413873147013
0.659855441076596
0.583685827338705
0.764865199497234
0.824979295352475
0.709106987199946
0.693925067951453
0.70339590914783
0.743620092551883
0.48868272915089
0.79437789708703
0.758066127787992
0.722184752417021
0.718213813347903
0.725038765698867
0.746065565391399
0.790181601971349
0.706299255831143
0.738824544561974
0.697403804897926
0.729315469747784
0.660873464065344
0.57073241956961
0.69039622337757
0.755113088844363
0.769508960626827
0.731207094963166
0.845971861839327
0.735309501696617
0.819917156263948
0.66610537952661
0.804536887202327
0.669829029395682
0.578302295767473
0.593348878038483
0.717686185225042
0.678774713496343
0.706177148782806
0.73328894552343
0.721513086496592
0.762227108558016
0.766744627965322
0.786393424360028
0.81056062803497
0.843269526139198
0.738817030278346
0.767259570157284
0.791125623896965
0.716594478192833
0.809373595736482
0.686897118531887
0.824402292215037
0.859084813004648
0.722689638832008
0.742729552573665
0.575217672686337
0.80300055009861
0.932288408509109
0.735849764084263
0.683303365132138
0.747807553043112
0.754683619236232
0.675729459821324
0.762828749089935
0.671875112786036
0.5752654477225
0.799246345987341
0.696745920841764
0.810712467603737
0.643808332106388
0.777328154713121
0.846059143853033
0.722405035398347
0.799497888524117
0.461973716989345
0.662112453184637
0.690694717965399
0.624071473061309
0.739275569681059
0.798140955203773
0.847681106848281
0.779535337951714
0.687932456019075
0.735388017630156
0.742662800540635
0.671970421763739
0.727638842695975
0.514760293294507
0.701629977935537
0.724687121836699
0.643855872741848
0.778524062070414
0.659276633452919
0.751983574429591
0.901847214047557
0.861741379518221
0.733096148507405
0.740505556876865
0.759280684300332
0.64267834934406
0.747653316956533
0.786774054551473
0.756232582170116
0.761543964180506
0.701342891542637
0.762817754657509
0.802383834567361
0.805207025248522
0.80819686301745
0.705820064256579
0.646208877259607
0.835206093064989
0.71115526484728
0.688733992044762
0.85330224354384
0.637720209823536
0.44924065103291
0.674371367466648
0.767585756053902
0.797140891913198
0.66949310184844
0.937652643804368
0.618661581433581
0.800993063664736
0.852315314066207
0.999999998187451
0.645863708789082
0.721775861651367
0.774905891909607
0.709066061723483
0.790160244761017
0.694758952767015
0.731639738704076
0.803403036664411
0.688262161718454
0.702757584172085
0.675688879346289
0.856999133720103
0.882750194095589
0.739360294842489
0.793598160441688
0.583758998699168
0.544302863175397
0.682617596410884
0.698388158056316
0.596744211767345
0.867747082922495
0.802526160842474
0.785023105999861
0.61951510714513
0.825001116943657
0.744627412746375
0.673425800963906
0.866121722455315
0.614890459322862
0.831755892690948
0.753165905036914
0.660611014135469
0.849006708018929
0.76898255521673
0.999999998001746
0.719898763664468
0.7110585604273
0.595420978035694
0.751784150590239
0.662742667737482
0.726015106086242
0.697057029541574
0.769529941710085
0.809848365228646
0.62547941632163
0.781686803663478
0.925885566716555
0.842780045508734
0.581862479457426
0.845661599139822
0.649689043546319
0.754053361703101
0.759901852150619
0.76233045375492
0.720089498880887
0.798965810888206
0.717970918508039
0.737028785043156
