0.629800424309734
0.585063111241373
0.755724217278863
0.708349811838115
0.817372007530788
0.763635709424736
0.748542820047531
0.663755772947852
0.791667408116078
0.73857223636118
0.676753024466496
0.787063914621086
0.835964168604572
0.767162155174009
0.804397530407589
0.701752429324575
0.866621522657538
0.788753830015144
0.816304827196669
0.753591761483036
0.796649967367077
0.717668716303421
0.797713742040162
0.659208846424498
0.708786763247794
0.699195878360315
0.738704954709152
0.740392088314119
0.70877963256853
0.804068598789504
0.831719104542763
0.802569378377986
0.688610705769629
0.792257281950061
0.628815411518922
0.750824858196727
0.806958056867342
0.716225692357359
0.820972325215105
0.785657993295605
0.824901834619387
0.707716042695003
0.73716768450301
0.592138079368885
0.77595434679007
0.703932956068861
0.757670007788671
0.770972430673203
0.784265824648301
0.798441848598077
0.671350485657122
0.716840298007385
0.797508144757983
0.600207486227281
0.724868962684321
0.657681483430092
0.803862709356004
0.763197495203121
0.736354562693951
0.782769927163409
0.752870375483094
0.802017368310058
0.772212951167052
0.701716445954163
0.853491596030289
0.512447603396375
0.79025676683226
0.727071750874609
0.777911138190143
0.696483175722627
0.797612665311354
0.628018479601316
0.670127582532716
0.528376765734726
0.701333212494718
0.722991626403101
0.762106939647086
0.755168956462757
0.822163140965872
0.705534834030402
0.804222999057959
0.760458286735881
0.698261750759253
0.810706912171237
0.708985419313446
0.791228862538667
0.779230851614631
0.769077659168878
0.541518118349574
0.731179706545852
0.702156988750164
0.787970145136365
0.832088217193306
0.825820353446555
0.723770946532919
0.811546450615182
0.838397856442784
0.753491781511859
0.751699271268874
0.753612908785677
0.740004967379264
0.679142172054641
0.708759220507763
0.772150021698849
0.735797437274777
0.812035598057577
0.733961002583034
0.602402301914734
0.618542887666601
0.802774111390139
0.714872733261759
0.741928641107209
0.737495676571639
0.777691776217936
0.657203240981669
0.749379047340055
0.704877292221662
0.719090533284532
0.746118871375038
0.716565094105684
0.673325714310745
0.794088187187621
0.800960989121416
0.754741607108051
0.770737449034047
0.788808807025052
0.818283132979951
0.6060146311891
0.763499719102407
0.746348704292808
0.611767018086787
0.727966366447451
0.669978043865739
0.845965965199731
0.809075322465315
0.761539351000811
0.753776107795727
0.69621220875283
0.806863126202742
0.70849268573321
0.702198772935748
0.558175411420029
0.781615940761382
0.815559855657738
0.80747181997014
0.700832833237538
0.781108735390271
0.719124620909827
0.836510169877299
0.759645923320031
0.819649770592777
0.774747507618695
0.739690026382737
0.741459474151748
0.690016791677204
0.813543686991944
0.72173517043253
0.639519302067082
0.759773726229653
0.782811994621559
0.798933248940192
0.874477111513535
0.748761884410229
0.782902653080417
0.782650353405591
0.863362382851253
0.607740604082538
0.793149517245756
0.7902457638648
0.781717703967825
0.8119879826448
0.709979447477275
0.6408884150052
0.735142223146295
0.66841958000473
0.809104826984281
0.588453646688065
0.809360872866911
0.754728171645118
0.765474763017622
0.669967475472701
0.80985755883752
0.788390608116398
0.825521939292203
0.698291306818783
0.680960373018142
0.803378241721842
0.769132050310127
0.653031880602944
0.724848104019953
0.727689810911735
0.697326097918169
0.657955711503248
0.803134568631528
0.714106768398314
0.742221239961488
0.824583674651545
0.763994947428529
0.847927962604147
0.696504290941866
